%YAML:1.0
H: !!opencv-matrix
   rows: 3
   cols: 3
   dt: d
   data: [ 2.4402173913043481e+000, 0., -2.4762173913043484e+003, 0.,
       1.1241610738255039e+000, -6.3753691275167944e+002, 0., 0., 1. ]
Size: [ 3456, 5184 ]
