%YAML:1.0
BasePoints: [ 25,635]
TargetPoints: [1080,1116]
