%YAML:1.0
BasePoints: [ 413,1323, 1760, 1323, 1760, 2663 ,413,2663]
TargetPoints: [1184,1744,1736, 1744, 1736, 2936 ,1184,2936]
